0 358 12
1 718 13
2 719 13
3 178 11
4 88 10
5 801 10
6 991 10
7 401 9
8 482 9
9 124 8
10 226 8
11 248 8
12 51 7
13 63 7
14 103 7
15 99 7
16 104 7
17 105 7
18 101 7
19 102 7
20 97 7
21 60 7
22 40 7
23 8 7
24 238 8
25 232 8
26 230 8
27 224 8
28 227 8
29 221 8
30 216 8
31 213 8
32 201 8
33 197 8
34 193 8
35 125 8
36 123 8
37 119 8
38 118 8
39 112 8
40 105 8
41 94 8
42 72 8
43 60 8
44 26 8
45 43 8
46 39 8
47 41 8
48 40 8
49 53 8
50 42 8
51 67 8
52 70 8
53 86 8
54 71 8
55 68 8
56 46 8
57 27 8
58 19 8
59 10 8
60 511 9
61 501 9
62 480 9
63 474 9
64 492 9
65 481 9
66 479 9
67 478 9
68 483 9
69 502 9
70 493 9
71 504 9
72 3 8
73 28 8
74 61 8
75 75 8
76 100 8
77 110 8
78 115 8
79 117 8
80 104 8
81 93 8
82 51 8
83 24 8
84 15 8
85 509 9
86 510 9
87 500 9
88 505 9
89 506 9
90 487 9
91 475 9
92 471 9
93 484 9
94 473 9
95 503 9
96 491 9
97 494 9
98 0 8
99 7 8
100 9 8
101 5 8
102 45 8
103 29 8
104 21 8
105 13 8
106 20 8
107 32 8
108 2 8
109 4 8
110 508 9
111 486 9
112 490 9
113 485 9
114 488 9
115 472 9
116 489 9
117 498 9
118 1 8
119 6 8
120 11 8
121 12 8
122 23 8
123 35 8
124 47 8
125 57 8
126 59 8
127 64 8
128 66 8
129 78 8
130 89 8
131 77 8
132 79 8
133 82 8
134 74 8
135 56 8
136 49 8
137 34 8
138 30 8
139 38 8
140 25 8
141 33 8
142 36 8
143 44 8
144 54 8
145 99 8
146 107 8
147 108 8
148 111 8
149 113 8
150 92 8
151 97 8
152 90 8
153 91 8
154 83 8
155 69 8
156 95 8
157 101 8
158 98 8
159 109 8
160 114 8
161 88 8
162 85 8
163 63 8
164 73 8
165 65 8
166 50 8
167 55 8
168 37 8
169 31 8
170 14 8
171 507 9
172 499 9
173 470 9
174 469 9
175 467 9
176 466 9
177 463 9
178 458 9
179 456 9
180 447 9
181 440 9
182 436 9
183 431 9
184 429 9
185 425 9
186 393 9
187 392 9
188 384 9
189 245 9
190 233 9
191 192 9
192 193 9
193 153 9
194 105 9
195 104 9
196 116 9
197 97 9
198 96 9
199 45 9
200 124 9
201 174 9
202 175 9
203 232 9
204 213 9
205 212 9
206 169 9
207 168 9
208 152 9
209 125 9
210 117 9
211 37 9
212 36 9
213 17 9
214 990 10
215 937 10
216 925 10
217 918 10
218 893 10
219 891 10
220 875 10
221 871 10
222 870 10
223 874 10
224 882 10
225 878 10
226 860 10
227 848 10
228 771 10
229 800 10
230 849 10
231 861 10
232 869 10
233 890 10
234 883 10
235 876 10
236 877 10
237 879 10
238 888 10
239 889 10
240 900 10
241 924 10
242 936 10
243 903 10
244 892 10
245 857 10
246 856 10
247 868 10
248 770 10
249 902 10
250 901 10
251 244 9
252 919 10
253 16 9
254 457 9
255 2 2
